0
-0.00149414
-0.0474118
-0.216767
-0.00439824
0.132079
0.0485163
-0.118134
-0.109762
0.110178
0.0985221
0.135965
-0.0610532
0.0621286
-0.0473698
-0.0525797
-0.0252228
-0.0142201
0.0136021
0.0462559
0.119335
0.0213735
0.107291
0.141058
0.059988
-0.0264745
-0.0107204
-0.1023
-0.118895
-0.0980896
-0.00682472
-0.0699909
0.0330663
-0.154705
-0.107209
-0.036315
0.0727543
0.017477
-0.0031312
-0.0136427
0.0616048
0.0269152
-0.00981434
-0.140259
0.142674
0.217657
0.112936
0.0808199
-0.105929
0.0944958
0.0139878
0.051365
-0.027111
-0.0716814
-0.0208925
-0.138258
-0.0532059
0.0479639
0.0224655
-0.138675
0.0852315
0.0166159
-0.0589308
0.0490933
0.0897369
0.000405747
-0.100659
-0.172299
-0.00196859
0.0309162
-0.100513
0.0810313
0.062715
-0.0804336
0.0466964
-0.0166805
-0.0275956
-0.0418164
0.14863
0.0979701
-0.111917
0.232801
0.0265557
-0.00605914
-0.107193
-0.22176
0.0224731
0.103736
0.00971878
0.199115
-0.106748
-0.000495833
0.0177961
-0.0414369
-0.00950966
-0.0571603
-0.142296
-0.0745395
-0.0444999
-0.0635195
-0.0116733
0.0343722
0.0576877
-0.031401
0.000355765
-0.0339119
0.0589536
0.0420295
-0.0957727
0.20059
-0.153059
-0.0157134
-0.0204752
-0.0159706
0.0170338
0.168679
0.0349285
-0.0086778
0.0533569
0.0951395
0.121647
-0.0112519
-0.00440154
-0.0663121
0.0411989
-0.074944
-0.0910746
-0.120602
0.00171606
0
-0.00244497
-0.0434354
-0.205601
-0.00503184
0.114864
0.0425586
-0.1404
-0.104305
0.119808
0.0896307
0.137547
-0.0551803
0.0693691
-0.0527534
-0.0278735
-0.0290195
-0.0118103
0.0120845
0.0604713
0.128983
0.0188368
0.112352
0.153436
0.0657045
-0.0265735
-0.025207
-0.0915154
-0.126496
-0.0906394
-0.00743255
-0.0674247
0.0264129
-0.138649
-0.0932308
-0.0244114
0.0496073
0.0212061
-0.00216015
-0.0172852
0.0585372
0.0455933
-0.00366874
-0.123325
0.170866
0.232599
0.103735
0.104499
-0.0862561
0.08974
0.018617
0.0709652
0.0307701
-0.0769679
-0.0336106
-0.111823
-0.0488651
0.0382903
0.0246899
-0.132344
0.0660596
0.0145798
-0.0837383
0.0505256
0.0813567
-0.00436052
-0.0993811
-0.160907
-0.00840668
0.0185607
-0.103587
0.0489061
0.054511
-0.0652245
0.0492621
-0.0132687
-0.0304063
-0.0280508
0.148315
0.102612
-0.109852
0.2423
0.0138786
-0.00504021
-0.0929427
-0.206428
0.033316
0.106632
0.0122653
0.201383
-0.107164
-0.0144234
0.00539236
-0.0407423
-0.0149476
-0.050422
-0.115464
-0.0696166
-0.0597581
-0.0545013
0.00338271
0.0259818
0.0819132
-0.0280515
-0.0152251
-0.0316057
0.0652261
0.0467022
-0.0951126
0.205965
-0.180176
-0.0134773
0.0325592
-0.00872866
0.00707207
0.187144
0.0295223
-0.0195645
0.07034
0.0899019
0.118548
-0.000873391
-0.0210797
-0.0659405
0.046341
-0.0755287
-0.0904952
-0.139213
0.0059208
0
0.0051215
-0.0749139
-0.205923
-0.00492554
0.0984944
-0.0416893
-0.0640551
-0.0877416
0.0915911
0.0889395
0.128836
-0.0622927
0.0803694
-0.0329216
-0.057809
-0.019851
-0.0166594
0.00472312
0.0431315
0.145886
0.0130242
0.102253
0.147486
0.0895829
-0.0192086
-0.0128517
-0.0369963
-0.134532
-0.089187
-0.0083729
-0.0647221
0.0660166
-0.154278
-0.0771023
-0.0256214
0.0520161
0.025312
-0.0191208
-0.0117748
0.0306884
0.0319957
0.031511
-0.109545
0.132778
0.278555
0.0988864
0.0572198
-0.0829914
0.0620941
0.0256284
0.0852791
0.0196884
-0.0408865
-0.0250853
-0.111365
-0.0403281
0.0154564
0.0507525
-0.10629
0.0779367
0.0203519
-0.0959684
0.0669882
0.0999423
-0.00435913
-0.11913
-0.13851
-0.00908897
-0.0537341
-0.0961424
0.0364577
0.0737336
-0.0532016
0.0298804
0.00981929
-0.0173498
-0.0223652
0.131119
0.116144
-0.123567
0.256396
0.00216104
-0.00174258
-0.133456
-0.207728
0.0681097
0.0997381
0.0152197
0.215076
-0.116711
-0.0602909
-0.00158132
-0.0404718
0.00187558
-0.0475487
-0.110738
-0.0686075
-0.0530281
-0.0522733
-0.0104712
0.0104496
0.0426938
-0.0357419
-0.0762903
-0.0322542
0.0441733
0.046817
-0.0985533
0.185575
-0.181928
-0.020428
0.0491121
0.0362142
-0.0328088
0.190393
0.0286678
-0.0162862
0.0660237
0.0770883
0.181978
0.0134648
-0.0110652
-0.0392969
0.0310928
-0.0606044
-0.0981962
-0.122366
-0.000901497
0
-0.00906435
-0.0642685
-0.217324
-0.00657361
0.124398
-0.0690495
-0.059756
-0.0809529
0.10403
0.0835992
0.134026
-0.0630807
0.0831477
-0.0778518
-0.0791155
-0.0113573
-0.0209335
-0.00931098
0.0220214
0.154651
0.0117995
0.0867155
0.116831
0.0924232
-0.0190417
-0.00793805
0.0038174
-0.12789
-0.0945314
-0.00846624
-0.059828
0.0739594
-0.130231
-0.0906084
-0.0367155
0.0503919
0.0271062
-0.0138756
-0.010079
0.05071
0.0196558
0.0410249
-0.108078
0.134189
0.295467
0.115108
0.0742623
-0.0911238
0.0611964
0.012894
0.0921056
0.0228526
-0.0160082
-0.0366516
-0.136244
-0.0235158
0.0145594
0.0285176
-0.116868
0.0495825
0.0224727
-0.0863922
0.0615617
0.10607
0.0106235
-0.0745333
-0.139173
-0.0177479
-0.0541156
-0.0909694
0.00431824
0.0812953
-0.0452966
0.0429315
0.00761142
-0.0193523
-0.0191584
0.1141
0.103992
-0.124299
0.244335
-0.00141626
-0.00172645
-0.148014
-0.218483
0.0766709
0.0828725
0.0123705
0.207862
-0.106381
-0.055881
-0.0125096
-0.0366858
0.00943356
-0.0410337
-0.130837
-0.0745205
-0.058592
-0.0538982
-0.0330347
0.00667329
0.0360253
-0.0322015
-0.0539812
-0.0373884
0.0706622
0.0544317
-0.0921695
0.170247
-0.172228
-0.0151442
0.0721165
0.00814488
-0.0282309
0.196927
0.028744
-0.0254296
0.0703751
0.0829301
0.15853
0.0147717
-0.0165748
-0.0404136
0.0257828
-0.0796651
-0.0955256
-0.113284
0.0032751
0
0.0101595
-0.0149507
-0.181312
-0.0112082
0.136678
0.0511772
-0.0731993
-0.119309
0.107544
0.0420739
0.126106
-0.0408
0.0531026
-0.0303147
-0.0245074
-0.0443852
-0.0178886
-0.00312675
0.0580793
0.121798
0.0175493
0.133353
0.165211
0.0739683
-0.0323697
-0.0104606
-0.114815
-0.101044
-0.0848102
-0.00312912
-0.0322263
0.0101677
-0.135914
-0.0638107
-0.024693
0.0187506
0.0159467
-0.0263003
-0.0064986
0.0541253
0.0493123
0.0357587
-0.142569
0.136257
0.233739
0.128932
0.060342
-0.0832964
0.148056
0.0486172
0.0521993
0.0798868
-0.0601789
-0.0032198
-0.171008
-0.038611
0.104556
0.0247806
-0.110213
0.029401
0.015127
-0.0282263
0.0647964
0.0515319
-0.0265023
-0.104028
-0.114086
-0.0341118
-0.0229806
-0.0973629
0.079622
0.0281704
-0.0516716
0.0185682
0.00708102
-0.0297456
-0.0175676
0.129017
0.0809616
-0.106476
0.254933
0.00850424
0.0044779
-0.0519571
-0.24855
0.0155844
0.145509
0.021736
0.201912
-0.11245
-0.0142389
-0.0186961
-0.0467749
0.0185733
-0.0565742
-0.0707154
-0.0514572
-0.0608271
-0.0547317
0.0427685
0.030281
0.106985
-0.0398092
-0.00113466
-0.0296497
0.0511621
0.0405771
-0.068474
0.209001
-0.176327
-0.0150769
0.00859611
-0.0379959
0.00901256
0.170154
0.038077
-0.0205785
0.0587246
0.0911492
0.133246
-0.0119385
0.0092446
-0.056924
0.0565379
-0.0557272
-0.0896293
-0.215973
0.00989579
0
0.0192312
-0.0391009
-0.200674
-0.00359981
0.184441
0.0705542
-0.0946068
-0.110751
0.0904204
0.0479502
0.130554
-0.0324903
0.0583768
-0.0158325
-0.0693621
-0.0283778
-0.0316077
-0.00600723
0.00303599
0.107554
0.0118378
0.110931
0.124706
0.0753003
-0.0269729
-0.0135903
-0.0303105
-0.0946146
-0.108115
0.00805035
0.00564758
0.0452041
-0.111076
-0.110119
-0.0555051
0.0434326
0.0186688
-0.0156062
-0.00853695
0.0979649
0.0269275
0.00818894
-0.169275
0.112011
0.246225
0.128127
0.0623582
-0.121405
0.134392
0.0398045
0.0314824
0.0299853
-0.013132
-0.0104615
-0.215171
-0.027307
0.141059
0.0213741
-0.106719
-0.0123561
0.017828
-0.0197135
0.0398468
0.125897
0.00912413
-0.0297683
-0.156055
-0.0252377
-0.0305935
-0.107226
0.100335
0.0466011
-0.0518838
0.0368505
-0.00231421
-0.0317338
-0.0477777
0.129806
0.050874
-0.0811129
0.228571
0.0223004
-0.00515172
-0.139839
-0.250567
-0.0233353
0.0915847
0.0139863
0.162267
-0.107331
0.0112147
0.0120743
-0.0454456
0.00945931
-0.0686621
-0.121027
-0.0524165
-0.0405072
-0.0602179
0.0348475
0.0495498
0.0494906
-0.0426456
0.0331897
-0.0426828
0.0717992
0.0436974
-0.066691
0.189945
-0.165687
-0.0335241
0.0324349
-0.0320888
0.00716603
0.181269
0.0317452
-0.0128885
0.00488903
0.0858979
0.141066
-0.0283184
0.0139311
-0.0851616
0.0427231
-0.0579079
-0.0910206
-0.15649
-0.00511417
1
0.0307035
0.000450829
-0.217272
-0.00419359
0.167538
0.0587861
-0.11994
-0.104142
0.172535
0.0830489
0.128877
-0.0411624
0.0815703
0.0331082
-0.0979762
-0.0319842
-0.0136266
0.013632
0.0700072
0.121322
0.00878527
0.122322
0.123671
0.0284817
-0.0333722
-0.0290635
-0.0132275
-0.0833544
-0.11104
0.00853627
-0.0594793
0.0382336
-0.144699
-0.152534
-0.0521427
0.0620807
0.020651
0.000673827
-0.00490284
0.0898627
0.0614264
0.0079722
-0.183408
0.122248
0.206391
0.0963485
0.0990532
-0.118239
0.0708924
-0.00536567
-0.00915824
-0.019939
-0.0248237
-0.0534722
-0.153928
-0.0673829
0.062839
0.0144626
-0.0805898
0.0432593
0.00390041
-0.0715939
0.0322872
0.148885
0.00986186
-0.101375
-0.160839
0.000541486
0.0118132
-0.110277
0.0796597
0.0580772
-0.0802135
0.0711756
-0.0476397
-0.0253248
-0.0597194
0.123438
0.0528976
-0.048365
0.237688
0.0581025
-0.00743521
-0.145815
-0.16988
0.00880217
0.107617
0.0065544
0.149275
-0.129784
0.0312882
0.0403641
-0.0313449
-0.00490867
-0.0639014
-0.150003
-0.0386132
-0.022981
-0.055838
0.0610694
0.0652772
-0.031071
-0.0120921
0.0432312
-0.0172155
0.104268
0.0331255
-0.065295
0.217053
-0.148082
-0.0242215
-0.0192604
0.0268564
0.0377473
0.177011
0.0146126
-0.00629667
-0.0168824
0.10463
0.0907012
-0.0359263
-0.0327226
-0.079489
0.0446953
-0.0463076
-0.0941423
-0.114627
-0.0161005
1
-0.00315174
-0.0146987
-0.219306
0.00815215
0.133484
0.0345277
-0.114098
-0.0964076
0.113402
0.12221
0.132482
-0.052431
0.087648
-0.00942685
-0.0706284
-0.046082
-0.00600953
0.0115072
0.0556287
0.130087
0.0197974
0.112601
0.131467
0.0403188
-0.0224412
-0.0357228
-0.0312215
-0.113319
-0.0894324
-0.000748937
-0.0733342
0.0253909
-0.152285
-0.15054
-0.0295552
0.0538626
0.034252
-0.00160421
-0.013641
0.0724242
0.0504167
0.0419903
-0.148465
0.134454
0.253273
0.103131
0.0988844
-0.0967721
0.0760679
-0.0194289
0.0191364
0.0403401
-0.0650492
-0.0405611
-0.0920784
-0.0661734
0.0473066
0.00662305
-0.12474
0.0781607
0.00695407
-0.119016
0.0420484
0.0963872
0.0168087
-0.139268
-0.162039
0.0124616
0.0151187
-0.093099
0.0550473
0.0653818
-0.0765835
0.0521033
-0.0328599
-0.0388921
-0.0259544
0.114797
0.0291299
-0.0744593
0.233154
0.0449755
-0.0132355
-0.105022
-0.180153
0.0284901
0.0619797
0.0115288
0.178707
-0.145297
0.0467977
0.0158955
-0.0370417
-0.00917491
-0.0574265
-0.120564
-0.0501113
-0.0546937
-0.0639427
0.0428073
0.0498255
0.0067843
-0.0236358
-0.00320602
-0.0266005
0.0762698
0.0482201
-0.0543457
0.232145
-0.209603
-0.0205893
-0.00126433
0.0201173
0.0178829
0.181633
0.00700026
-0.0213992
0.0508742
0.109837
0.0883458
-0.00321871
-0.0261428
-0.0802492
0.0656013
-0.0559122
-0.0809052
-0.138173
-0.0074652
1
0.0327663
0.00368068
-0.195275
-0.00468606
0.12271
0.0682285
-0.0440405
-0.0869685
0.0743324
0.0929494
0.145856
-0.0442078
0.0740559
0.0229008
-0.072079
-0.0314834
-0.00992057
0.00441555
0.0712459
0.10167
0.0140926
0.123597
0.18909
0.059809
-0.025866
-0.0411121
-0.0387685
-0.103018
-0.0962557
0.00327915
-0.0585574
0.0591573
-0.141124
-0.120613
-0.027574
0.0515308
0.0397304
-0.0142204
-0.0112159
0.0478461
0.0490682
0.0472794
-0.154814
0.104112
0.259372
0.131472
0.0695676
-0.0925491
0.0480386
-0.0021483
0.0400601
0.0491509
-0.038411
-0.047651
-0.135771
-0.0543405
0.0888076
0.0330353
-0.119129
0.0835527
0.0101792
-0.097919
0.0468469
0.0886149
-0.0211838
-0.122574
-0.144378
-0.00273557
-0.0218585
-0.106504
0.0420374
0.071003
-0.0568671
0.0355463
-0.00550583
-0.0341996
-0.0332124
0.114735
0.0626977
-0.0867903
0.249992
0.0252033
-0.00187695
-0.115254
-0.226231
0.0138245
0.0403288
0.0158705
0.194711
-0.113203
-0.00705599
0.0164509
-0.0418193
-0.0307595
-0.0530963
-0.126792
-0.0707205
-0.0379075
-0.054759
0.023945
0.0371009
-0.00504119
-0.0299772
-0.0203005
-0.0228109
0.0673524
0.044826
-0.126617
0.234868
-0.21908
-0.015735
0.00343099
0.00847966
-0.024121
0.140946
0.0201389
-0.0266547
0.0295237
0.0970696
0.162002
0.0252032
-0.0210297
-0.0628019
0.0408051
-0.056117
-0.0946108
-0.123178
-0.00547976
1
0.0278592
0.00207178
-0.178498
-0.00142926
0.12116
0.0887213
-0.0914144
-0.0880946
0.0870124
0.101788
0.15358
-0.0215069
0.0684299
-0.0114056
-0.0653561
-0.0297224
-0.0120327
0.00834489
0.0811163
0.123715
0.00901568
0.122323
0.186493
0.0582037
-0.025257
-0.0410455
-0.0354008
-0.0989826
-0.097012
0.00620895
-0.0406894
0.0336396
-0.124841
-0.121181
-0.0288085
0.011101
0.0259668
0.000294206
-0.00336153
0.073178
0.0598318
0.0552842
-0.160603
0.10854
0.254342
0.11415
0.0546147
-0.0894558
0.052166
-0.00299545
0.0335172
0.0330421
-0.0341081
-0.0454017
-0.146702
-0.0535594
0.126515
0.0116397
-0.113351
0.0569146
0.00883445
-0.0968905
0.039344
0.0684936
-0.0116503
-0.0886683
-0.142328
-0.0327694
-0.0159228
-0.101361
0.0507668
0.0509585
-0.0460692
0.0405205
-0.00138703
-0.047697
-0.0380526
0.118009
0.0416766
-0.0848844
0.255129
0.0293108
-0.0139709
-0.103692
-0.217079
0.0325079
0.0885356
0.0193583
0.191325
-0.103107
-0.0162173
0.00962294
-0.0407133
-0.00931531
-0.0413949
-0.128847
-0.0653092
-0.0415624
-0.0541956
0.0180349
0.0349031
0.0131096
-0.038202
0.0177227
-0.0276739
0.089025
0.045471
-0.115685
0.229485
-0.212933
-0.00175889
0.029905
-0.00522735
-0.0107536
0.156194
0.0152552
-0.0324579
0.0598386
0.103353
0.157641
0.0268615
-0.0388827
-0.0833516
0.0404442
-0.0626219
-0.0924989
-0.158442
-0.00365233
1
0.0186854
-0.0470917
-0.237249
-0.00126579
0.128518
0.0167431
-0.0713931
-0.0937184
0.0895674
0.113792
0.129645
-0.0720093
0.0754816
-0.0160705
-0.0569803
-0.0338612
-0.00790373
0.0110281
0.0405037
0.12397
0.0207365
0.113352
0.135625
0.0637789
-0.0288004
-0.0235285
-0.0244951
-0.11835
-0.0908504
-0.00534097
-0.0906654
0.0331753
-0.167941
-0.104292
-0.0284764
0.089894
0.0401132
4.65537e-05
-0.0222917
0.0604603
0.057315
0.0184894
-0.141147
0.136452
0.243608
0.133574
0.0612081
-0.0933386
0.0975959
0.013025
0.0261488
0.034321
-0.0477157
-0.0410927
-0.0946929
-0.054998
0.0299778
0.0200266
-0.101389
0.0643116
0.0116705
-0.0915328
0.0772445
0.0761177
-0.018543
-0.118812
-0.157499
0.00537678
-0.0458447
-0.134817
0.0574228
0.0614505
-0.0631175
0.0436296
-0.0252362
-0.00916221
-0.0221557
0.126275
0.0705243
-0.113862
0.251392
0.0253071
-0.00617198
-0.11214
-0.20992
0.0440588
0.0861133
0.015562
0.198411
-0.13297
-0.00745609
0.0388982
-0.0397297
0.000272621
-0.0672872
-0.124212
-0.0564038
-0.0653452
-0.0562419
0.0415775
0.0343946
0.0323574
-0.0146963
-0.0328008
-0.0261484
0.071768
0.0516859
-0.0753566
0.212149
-0.179703
-0.0226103
-0.00830248
-0.00272233
0.00049517
0.191951
0.0244242
-0.0262346
0.034359
0.103279
0.119744
-0.0129986
-0.00539127
-0.0280237
0.0518918
-0.0599046
-0.0956825
-0.122223
-0.00812276
1
0.0290677
-0.0136648
-0.190501
-0.00222952
0.14509
0.0112726
-0.067853
-0.0890536
0.0652814
0.0965794
0.131287
-0.0288207
0.0713317
0.00450433
-0.0760986
-0.0108376
-0.013801
-0.00470584
0.0495939
0.12742
0.0174352
0.110423
0.14405
0.0668101
-0.0312204
-0.0172193
-0.0151284
-0.101355
-0.112975
0.0164002
-0.06753
0.036018
-0.133228
-0.12255
-0.0422016
0.0870645
0.0291303
-0.0280293
-0.00959675
0.081111
0.0491704
0.0117391
-0.163365
0.129199
0.267995
0.144485
0.0546486
-0.112839
0.0985087
-0.00438179
0.00969877
0.0113549
-0.00939569
-0.0430651
-0.147671
-0.0408791
0.107333
0.0199338
-0.107425
0.037606
0.0169802
-0.0726832
0.0571658
0.121328
-0.00554552
-0.0831125
-0.166109
-0.0130248
-0.0208406
-0.113474
0.0584901
0.0664274
-0.0424477
0.0543122
-0.0200419
-0.00677647
-0.0304616
0.114473
0.0621022
-0.089198
0.241547
0.0176865
-0.0164717
-0.12777
-0.261033
0.035188
0.104216
0.0239531
0.179903
-0.103578
-0.00593846
0.0224418
-0.039268
0.00692982
-0.0576259
-0.160831
-0.0383515
-0.0487873
-0.0607589
0.0311805
0.050628
-0.00948429
-0.0363886
-0.00415196
-0.0175206
0.0753771
0.0537696
-0.0815656
0.215481
-0.145481
-0.0226695
0.0111799
0.0144203
-0.00270357
0.168054
0.0332845
-0.0318983
0.00976281
0.109069
0.124827
-0.0403679
-0.0359243
-0.0621807
0.0416397
-0.062975
-0.097916
-0.12686
-0.0213054
