0
-0.00571383
-0.0579846
-0.230434
-0.0107019
0.14828
-0.000955028
-0.0837139
-0.102815
0.0611286
0.0619591
0.11197
-0.102879
0.0789411
-0.0129971
-0.0256528
-0.0360877
-0.0271835
0.0224606
-0.00277202
0.10512
0.0191787
0.0733879
0.0747128
0.0678388
-0.0216008
-0.0132802
-0.0829969
-0.139639
-0.0826354
-0.0148597
-0.0497715
0.030376
-0.17945
-0.0896298
-0.0391744
0.0969743
0.0156809
-0.0218825
-0.0204909
-0.0219564
-0.0025099
-0.0084538
-0.109368
0.130357
0.220915
0.0967916
0.10785
-0.118822
0.166818
0.0492475
0.0794504
-0.0288203
-0.058401
0.00168694
-0.133027
-0.041008
0.00636518
0.010761
-0.128045
0.0499307
0.0133742
-0.0381851
0.0331115
0.119002
-0.0188511
-0.163168
-0.137658
0.0477405
-0.042887
-0.0748778
0.0888743
0.0502056
-0.123305
0.00662616
-0.0199439
-0.0184943
-0.045276
0.148145
0.114645
-0.143857
0.217905
0.0417008
0.0148326
-0.113052
-0.210141
0.0338036
0.091954
-0.00641132
0.210055
-0.139466
0.0109441
0.0452397
-0.041846
0.00150964
-0.0791203
-0.139955
-0.0745093
-0.0608876
-0.0598631
-0.0193241
0.0380905
0.0684213
-0.0787207
0.00548841
-0.059732
0.0527017
0.0452856
-0.0355152
0.174608
-0.162984
-0.0357434
0.021779
-0.0483493
0.0111648
0.177935
0.0269406
0.0177348
0.0282315
0.0850542
0.108088
-0.0193489
-0.00557717
-0.00897025
0.0633629
-0.0559418
-0.0884826
-0.153395
0.000923278
0
-0.00229693
-0.0488289
-0.236615
-0.00380001
0.154563
-0.00453076
-0.135861
-0.088663
0.106591
0.0567435
0.0880583
-0.0875017
0.0933493
-0.0492815
-0.0471406
-0.0278153
-0.0313407
0.0194857
0.0331999
0.116423
0.0131001
0.0809321
0.0603671
0.0513861
-0.0217745
-0.0255788
-0.00547354
-0.126316
-0.0895614
-0.00899284
-0.0581339
0.0289737
-0.158659
-0.121302
-0.0385063
0.0784616
0.0249497
-0.0111241
-0.021929
-0.00487681
0.00718826
0.0122644
-0.117254
0.128937
0.25312
0.0759652
0.0575715
-0.11529
0.11411
0.0592964
0.0606502
-0.036365
-0.0282513
-0.0120008
-0.141615
-0.0385236
0.0324758
0.0133721
-0.13115
0.00614016
0.00816471
-0.0677097
0.0224394
0.17217
-0.0200291
-0.121504
-0.147177
0.00820655
-0.0606385
-0.0789931
0.0884277
0.0528633
-0.101678
0.0166592
-0.0369241
-0.0199784
-0.0412662
0.123365
0.0600881
-0.135073
0.248139
0.0286156
0.00175809
-0.128962
-0.177091
0.0562727
0.107672
-0.00421782
0.220008
-0.144277
0.0122655
0.0437011
-0.0379223
0.0231099
-0.0718413
-0.142023
-0.0736945
-0.073387
-0.0555113
4.35981e-05
0.0332353
0.0441496
-0.0641408
-0.00255868
-0.0607651
0.0870544
0.0530323
-0.0319275
0.175548
-0.169465
-0.0345419
0.0427118
-0.030278
0.013741
0.20587
0.0189877
0.00155042
0.0168344
0.0805287
0.0899264
-0.0174275
-0.0116142
-0.0369724
0.0656482
-0.0632338
-0.0885251
-0.134117
0.00156086
0
0.00623704
-0.0434519
-0.211171
-0.0150171
0.115071
0.0503793
-0.0837682
-0.108505
0.108755
0.0450332
0.147099
-0.0712004
0.0726169
-0.0161489
-0.0287691
-0.0434613
-0.0201597
0.0105136
0.0788409
0.134542
0.0119336
0.138467
0.157455
0.0642267
-0.0257344
-0.0278655
-0.0482379
-0.130548
-0.0888503
-0.0133193
-0.050695
0.0388852
-0.15618
-0.0840931
-0.019615
0.0356213
0.0215871
-0.00966559
-0.0174761
0.0231653
0.0396293
0.0251757
-0.145125
0.13595
0.247727
0.120054
0.0942284
-0.0748714
0.0765592
0.0305127
0.0863937
0.0523956
-0.0536383
-0.0416177
-0.142744
-0.0501877
0.0473803
0.0412081
-0.10279
0.0586199
0.00826179
-0.0884909
0.0683981
0.0592647
-0.021575
-0.117632
-0.107209
-0.00690759
-0.0283189
-0.118593
0.0535748
0.0456485
-0.0659054
0.0233241
-0.00282746
-0.0227802
-0.0268645
0.138691
0.10009
-0.110568
0.273789
0.0141221
0.00781054
-0.0976017
-0.204097
0.00799807
0.0838707
0.0118915
0.20646
-0.115126
-0.0267737
-0.00199046
-0.0464905
0.000853239
-0.0600029
-0.0915214
-0.0656916
-0.0559201
-0.0425765
0.0232913
0.0266029
0.0579457
-0.0379244
-0.0120528
-0.0312657
0.0636867
0.042176
-0.117088
0.209403
-0.188971
-0.0108392
0.0317323
-0.0273666
-0.0179474
0.183215
0.0214553
-0.0231344
0.0415898
0.0938405
0.157607
0.026594
-0.0123912
-0.0289226
0.0392169
-0.0654661
-0.096151
-0.129114
0.00303054
0
0.000992211
-0.0493704
-0.212198
-0.00471507
0.068715
-0.0304362
-0.103353
-0.0896072
0.130823
0.067476
0.134208
-0.0770815
0.080127
-0.0492245
-0.0192732
-0.0391401
-0.0123748
0.0187802
0.0970927
0.141944
0.0117581
0.111861
0.13562
0.056869
-0.0239958
-0.0176671
-0.048633
-0.127155
-0.0791703
-0.0143434
-0.0915718
0.0132355
-0.157494
-0.0885045
-0.0168882
0.0444759
0.0279412
-0.0110128
-0.0196924
0.0261037
0.0407395
0.0299413
-0.105403
0.145971
0.275288
0.106319
0.0450371
-0.0803794
0.0566656
0.0156385
0.064073
0.028099
-0.0529648
-0.0539655
-0.086163
-0.0578229
0.014863
0.0241525
-0.101413
0.0596479
0.0019288
-0.122507
0.0776305
0.0738872
-0.02606
-0.153761
-0.105698
-0.0160935
-0.0365973
-0.110694
0.0329707
0.0506581
-0.0747127
0.0250963
-0.01472
-0.0109699
-0.0164217
0.115353
0.0833077
-0.125855
0.281077
0.0233801
-0.00166056
-0.0930402
-0.168764
0.0808578
0.129589
0.014769
0.224218
-0.131873
-0.0348037
0.015824
-0.0389521
0.0123162
-0.057688
-0.103037
-0.067125
-0.0783211
-0.0458231
0.0265641
0.0203006
0.0351217
-0.0410368
-0.0297867
-0.0314435
0.0905907
0.051716
-0.0568823
0.195765
-0.169475
-0.00943078
0.0399526
0.0135135
-0.000457062
0.216126
0.0144441
-0.0301557
0.0677458
0.109031
0.14003
0.0194149
-0.0185169
-0.0216552
0.059073
-0.0546505
-0.0907488
-0.131077
-0.00282009
1
0.00331259
-0.0346055
-0.225824
-0.0193096
0.146248
0.0729944
-0.0813803
-0.121699
0.098699
0.0308851
0.167624
-0.0308424
0.0573872
-0.0843601
-0.0362766
-0.0286325
-0.0257512
-0.00881055
0.0890663
0.137796
0.00945719
0.14001
0.13919
0.0967573
-0.0313104
-0.0183398
-0.0540452
-0.104702
-0.092356
-0.00417071
-0.0256496
0.0287258
-0.148728
-0.0756757
-0.030266
0.0121216
0.0146439
-0.0100959
-0.00256709
0.0854811
0.0346992
0.0122674
-0.14849
0.119955
0.238238
0.148223
0.0584039
-0.0890899
0.142783
0.0324862
0.0801629
0.0394856
-0.0466706
-0.041503
-0.183768
-0.026766
0.120126
0.0356965
-0.0985909
-0.00614034
0.0137413
-0.03612
0.0662348
0.0794589
-0.00560659
-0.0431323
-0.111207
-0.0222462
-0.0506902
-0.108662
0.0599736
0.0338758
-0.0254321
0.04535
0.00677521
-0.0132403
-0.0209354
0.135589
0.08523
-0.0888746
0.255963
-0.00527733
-0.00787448
-0.097707
-0.216913
0.00707205
0.0879749
0.0215783
0.17759
-0.0454635
-0.0237826
-0.0337291
-0.0461022
0.0391835
-0.0558775
-0.0673104
-0.0406139
-0.0656541
-0.0430956
0.0286754
0.0331486
0.0762511
-0.0468196
-0.0299762
-0.0250025
0.0803634
0.0458308
-0.108534
0.201924
-0.1665
-0.0153235
0.00170614
-0.0644082
-0.0066504
0.198002
0.0389632
-0.0354699
0.0245398
0.10109
0.162669
-0.0120041
0.0248577
-0.0501422
0.0265109
-0.075804
-0.085565
-0.138094
0.00126968
1
0.0167519
-0.0324674
-0.234121
-0.0159024
0.14428
0.0635647
-0.0782494
-0.115621
0.0799159
0.0373691
0.140344
-0.0344098
0.0586366
-0.0360265
-0.0283477
-0.0268859
-0.0230047
-0.00253824
0.0727347
0.0914543
0.0131136
0.12126
0.15685
0.0970151
-0.0300746
-0.0250428
-0.112984
-0.0986692
-0.0884792
0.0019881
-0.0115526
0.0284737
-0.154405
-0.0565486
-0.0307992
0.0385297
0.0174635
-0.0290383
-0.00389402
0.0588405
0.0395021
-0.00182965
-0.141928
0.122242
0.231474
0.143546
0.0302907
-0.0994992
0.163118
0.0566443
0.066006
0.031398
-0.0644426
-0.0235781
-0.19816
-0.0267227
0.128314
0.0396251
-0.0879752
0.0104004
0.0136128
-0.0218131
0.0605812
0.0829793
-0.0198354
-0.07307
-0.121369
-0.00642016
-0.0328813
-0.107545
0.0679792
0.0327358
-0.0411775
0.0399163
0.00328188
-0.00633956
-0.0276481
0.153015
0.107312
-0.0953786
0.245808
0.00173398
-0.00561704
-0.0906549
-0.219571
-0.00016225
0.111027
0.0214952
0.181501
-0.0803643
-0.0218627
-0.0134448
-0.049125
0.0266039
-0.0691274
-0.0774714
-0.0394872
-0.0544681
-0.0480131
0.060898
0.038671
0.071461
-0.0531796
-0.0310563
-0.0291766
0.0546488
0.0461438
-0.0861589
0.205072
-0.177566
-0.0268511
0.00259724
-0.069487
-0.009864
0.167174
0.0391446
-0.0115673
0.0525048
0.0917272
0.158083
-0.0200342
0.0243675
-0.0386714
0.0379132
-0.0638466
-0.0936212
-0.170353
-0.000174443
